  0    0   0 0
  1    0   0 131
  2    0   0 135
  3    0   0 139
  4    0   0 143
  5    0   0 147
  6    0   0 151
  7    0   0 155
  8    0   0 159
  9    0   0 163
 10    0   0 167
 11    0   0 171
 12    0   0 175
 13    0   0 179
 14    0   0 183
 15    0   0 187
 16    0   0 191
 17    0   0 195
 18    0   0 199
 19    0   0 203
 20    0   0 207
 21    0   0 211
 22    0   0 215
 23    0   0 219
 24    0   0 223
 25    0   0 227
 26    0   0 231
 27    0   0 235
 28    0   0 239
 29    0   0 243
 30    0   0 247
 31    0   0 251
 32    0   0 255
 33    0   0 255
 34    0   3 255
 35    0   7 255
 36    0  11 255
 37    0  15 255
 38    0  19 255
 39    0  23 255
 40    0  27 255
 41    0  31 255
 42    0  35 255
 43    0  39 255
 44    0  43 255
 45    0  47 255
 46    0  51 255
 47    0  55 255
 48    0  59 255
 49    0  63 255
 50    0  67 255
 51    0  71 255
 52    0  75 255
 53    0  79 255
 54    0  83 255
 55    0  87 255
 56    0  91 255
 57    0  95 255
 58    0  99 255
 59    0 103 255
 60    0 107 255
 61    0 111 255
 62    0 115 255
 63    0 119 255
 64    0 123 255
 65    0 127 255
 66    0 131 255
 67    0 135 255
 68    0 139 255
 69    0 143 255
 70    0 147 255
 71    0 151 255
 72    0 155 255
 73    0 159 255
 74    0 163 255
 75    0 167 255
 76    0 171 255
 77    0 175 255
 78    0 179 255
 79    0 183 255
 80    0 187 255
 81    0 191 255
 82    0 195 255
 83    0 199 255
 84    0 203 255
 85    0 207 255
 86    0 211 255
 87    0 215 255
 88    0 219 255
 89    0 223 255
 90    0 227 255
 91    0 231 255
 92    0 235 255
 93    0 239 255
 94    0 243 255
 95    0 247 255
 96    0 251 255
 97    0 255 255
 98    0 255 255
 99    3 255 251
100    7 255 247
101   11 255 243
102   15 255 239
103   19 255 235
104   23 255 231
105   27 255 227
106   31 255 223
107   35 255 219
108   39 255 215
109   43 255 211
110   47 255 207
111   51 255 203
112   55 255 199
113   59 255 195
114   63 255 191
115   67 255 187
116   71 255 183
117   75 255 179
118   79 255 175
119   83 255 171
120   87 255 167
121   91 255 163
122   95 255 159
123   99 255 155
124  103 255 151
125  107 255 147
126  111 255 143
127  115 255 139
128  119 255 135
129  123 255 131
130  127 255 127
131  131 255 123
132  135 255 119
133  139 255 115
134  143 255 111
135  147 255 107
136  151 255 103
137  155 255  99
138  159 255  95
139  163 255  91
140  167 255  87
141  171 255  83
142  175 255  79
143  179 255  75
144  183 255  71
145  187 255  67
146  191 255  63
147  195 255  59
148  199 255  55
149  203 255  51
150  207 255  47
151  211 255  43
152  215 255  39
153  219 255  35
154  223 255  31
155  227 255  27
156  231 255  23
157  235 255  19
158  239 255  15
159  243 255  11
160  247 255   7
161  251 255   3
162  255 255   0
163  255 251   0
164  255 247   0
165  255 243   0
166  255 239   0
167  255 235   0
168  255 231   0
169  255 227   0
170  255 223   0
171  255 219   0
172  255 215   0
173  255 211   0
174  255 207   0
175  255 203   0
176  255 199   0
177  255 195   0
178  255 191   0
179  255 187   0
180  255 183   0
181  255 179   0
182  255 175   0
183  255 171   0
184  255 167   0
185  255 163   0
186  255 159   0
187  255 155   0
188  255 151   0
189  255 147   0
190  255 143   0
191  255 139   0
192  255 135   0
193  255 131   0
194  255 127   0
195  255 123   0
196  255 119   0
197  255 115   0
198  255 111   0
199  255 107   0
200  255 103   0
201  255  99   0
202  255  95   0
203  255  91   0
204  255  87   0
205  255  83   0
206  255  79   0
207  255  75   0
208  255  71   0
209  255  67   0
210  255  63   0
211  255  59   0
212  255  55   0
213  255  51   0
214  255  47   0
215  255  43   0
216  255  39   0
217  255  35   0
218  255  31   0
219  255  27   0
220  255  23   0
221  255  19   0
222  255  15   0
223  255  11   0
224  255   7   0
225  255   3   0
226  255   0   0
227  250   0   0
228  246   0   0
229  241   0   0
230  237   0   0
231  233   0   0
232  228   0   0
233  224   0   0
234  219   0   0
235  215   0   0
236  211   0   0
237  206   0   0
238  202   0   0
239  197   0   0
240  193   0   0
241  189   0   0
242  184   0   0
243  180   0   0
244  175   0   0
245  171   0   0
246  167   0   0
247  162   0   0
248  158   0   0
249  153   0   0
250  149   0   0
251  145   0   0
252  140   0   0
253  136   0   0
254  131   0   0
255  131   0   0
